## (1) 畳むログ（docs/research_loop.md の 1882-2185 行、その159〜その164 の 6 件）

畳む範囲: 小数 208 個 / 相異なり 149 / docs に無い 3
    2.26
    2.42
    3.052e-4

## (2) 消す保存物の集計（消したあとも数値が残っているか）

analysis/mmo2024/e165/scored.txt: 小数 609 個 / 相異なり 323 / docs に無い 30
    0.0063
    0.0079
    0.0155
    0.0212
    0.0221
    0.0249
    0.0521
    0.0522
    0.29688
    0.4281
    0.5429
    0.5867
    0.6965
    0.8222
    0.84375
    0.857
    11.10
    12.50
    12.80
    13.00
    13.20
    13.70
    4.0000
    4.20
    6.70
    7.25
    7.65
    8.10
    8.20
    8.35
analysis/mmo2024/e115/scored.txt: 小数 337 個 / 相異なり 204 / docs に無い 93
    0.0001526
    0.000352
    0.000425
    0.000482
    0.0004883
    0.00143
    0.001953
    0.00431
    0.0063
    0.0104
    0.0788
    0.0878
    0.1321
    0.1359
    0.1585
    0.1641
    0.1751
    0.1828
    0.1861
    0.1952
    0.2047
    0.2068
    0.2089
    0.2098
    0.2129
    0.2143
    0.2144
    0.2146
    0.2152
    0.2196
    0.2198
    0.2244
    0.2348
    0.3566
    0.3767
    0.3796
    0.3810
    0.3839
    0.3932
    0.4323
    0.4564
    0.4752
    0.4947
    0.5044
    0.5068
    0.5308
    0.5391
    0.5537
    0.5609
    0.5734
    0.5766
    0.5816
    0.5925
    0.5938
    0.6201
    0.6279
    0.6425
    0.6748
    0.6796
    0.6830
    0.6913
    0.7103
    0.7324
    0.9032
    0.952
    2.86
    3.41
    36.1
    4.57
    4.78
    5.05
    5.14
    5.34
    5.61
    6.02e-08
    6.13
    6.51
    6.52
    6.63
    6.64
    6.66
    6.74
    69.6
    7.03
    7.11
    7.14
    7.39
    7.46
    7.51
    7.58
    8.91
    9.03
    9.92
analysis/mmo2024/e115/s1/by_problem_s1.csv: 小数 80 個 / 相異なり 9 / docs に無い 0

注: (2) で「docs に無い」と出た小数は、**消していないファイル**（`scored.txt` /
    `driver_summary.csv` / `by_problem_s1.csv`）に残っている値である。
    その168 が消したのは行単位の降下ダンプだけで、集計は 1 つも消していない。
