問題      RL raw  RL loose  RL dedup  NM raw  NM loose  NM dedup
M01        122       117        11      11        10        10
M02         94        94         9       4         3         3
M03         80        54         6     173         1         1
M04        153       152         8       1         1         1
M05        128       112        12     114         1         1
M06        167        33         5    1159         2         2
M07        125       102         6      22         3         2
M08        134        73         9      46         1         1
M09        102        43         4       8         3         3
M10         89        89         8       4         4         3
M11         80        24         3     256         1         1
M12        106        87         7       6         2         2
M13        111        90         5     154         1         1
M14        137        38         2     209         1         1
M15        125       101         5      29         1         1
M16        130        84         4     354         1         1
平均       117.7      80.8       6.5   159.4       2.2       2.1

NM: dedup 後が 1 点だけの問題 = 9 /16
RL: dedup 後が 1 点だけの問題 = 0 /16
