problem    desc distinct  rho_raw rho_dedup  NN_opt   dup%
M01          76       16    0.000     7.056   6.240   69.7
M02          53       11    0.000     8.018   5.693   79.2
M03          45       10    0.000     7.949   5.924   60.0
M04         114       13    0.000     7.904   6.087   98.2
M05         118       16    0.000     6.467   6.069   86.4
M06         156      124    0.685     0.837   6.768   14.1
M07         113       15    0.000     4.568   6.953   61.9
M08         123       42    0.000     1.469   6.490   76.4
M09          57       16    0.000     5.607   7.672   54.4
M10          42        7    0.000     8.275   8.347   14.3
M11          46       11    0.000     6.774   8.985   54.3
M12         106        9    0.000     9.119   9.079   88.7
M13         113       21    0.000     0.959   8.842   78.8
M14         130       95    0.986     1.312   8.717   20.8
M15         119       19    0.000     6.294   8.741   77.3
M16         113       44    0.000     1.480   9.017   62.8

16 問平均: 降下 95.2  相異なる着地 29.3  rho_raw 中央値 0.000  rho_dedup 平均 5.256  最適の NN 中央値の平均 7.476  最近傍が同一点の降下 62.3%
